 1870    23.22   25.36   26.08   25.34   23.82   22.03   20.86   19.90   19.52   19.54   20.47   21.77
 1871    23.98   25.76   25.95   25.07   23.70   22.74   21.51   20.61   20.20   20.92   21.51   21.98
 1872    23.54   25.07   25.71   24.96   23.71   22.38   21.14   20.09   19.88   20.20   21.26   22.18
 1873    23.84   25.02   24.90   24.65   23.34   22.65   21.56   20.63   19.86   20.09   20.95   22.11
 1874    23.62   24.86   25.56   24.72   24.53   22.46   21.07   19.90   19.81   20.29   21.29   22.22
 1875    24.06   25.75   25.92   25.12   23.27   22.27   20.59   19.86   19.44   19.78   20.33   21.49
 1876    23.01   24.52   25.21   24.27   23.49   22.30   21.46   20.75   20.95   21.84   22.71   23.40
 1877    24.66   26.41   26.91   25.69   24.36   22.66   22.61   22.06   22.47   23.16   23.93   25.27
 1878    26.95   28.55   27.73   26.23   24.62   23.35   22.04   20.87   20.21   20.68   21.06   22.55
 1879    24.36   26.01   26.31   25.31   23.84   22.74   21.80   20.73   20.30   20.81   21.38   22.87
 1880    24.29   26.50   26.40   25.29   24.16   22.59   22.04   21.25   21.29   21.70   22.51   22.96
 1881    24.70   26.09   26.40   25.49   24.41   23.14   21.76   20.48   20.13   21.03   21.73   22.53
 1882    24.01   25.50   26.12   25.49   24.13   22.15   20.87   19.75   19.94   20.55   21.00   21.93
 1883    23.50   25.23   25.67   25.13   24.29   23.01   21.43   20.17   20.25   21.45   22.23   22.62
 1884    24.57   26.10   27.30   26.38   25.14   23.42   21.72   20.91   20.67   21.20   22.37   23.64
 1885    24.97   26.37   26.29   25.37   23.98   22.38   21.34   20.80   20.80   21.25   22.19   22.97
 1886    23.64   25.02   25.59   24.82   23.33   21.72   20.72   19.61   20.01   20.45   21.34   22.04
 1887    23.85   25.39   25.50   24.70   23.65   22.75   21.75   20.66   20.53   20.91   21.93   22.97
 1888    24.80   26.39   27.08   26.54   25.35   24.54   22.39   21.49   22.63   23.29   24.16   24.41
 1889    26.38   27.49   27.60   26.32   24.64   22.82   21.39   20.11   19.72   19.97   21.17   22.80
 1890    24.48   25.86   26.17   24.86   23.70   22.06   20.83   20.11   19.90   20.30   20.91   22.12
 1891    24.40   26.28   27.02   26.32   25.49   24.02   22.67   21.24   20.41   20.74   21.70   22.79
 1892    24.51   25.79   25.92   24.82   23.54   22.13   20.97   19.75   19.24   19.63   20.57   21.65
 1893    23.32   25.28   26.01   24.86   23.64   22.04   20.88   19.98   19.96   20.61   21.84   22.59
 1894    24.53   25.93   26.29   25.21   24.03   22.84   21.78   20.76   20.22   20.74   21.29   22.59
 1895    24.18   25.63   25.80   25.21   24.17   22.58   21.59   21.14   20.97   21.79   22.47   23.53
 1896    25.27   26.55   26.89   25.86   25.04   23.82   22.61   22.38   22.10   21.97   23.59   24.56
 1897    25.82   27.20   27.71   26.08   24.75   23.28   21.97   20.99   20.34   21.05   21.67   22.45
 1898    24.27   25.75   26.22   25.02   23.50   22.28   21.96   21.02   19.79   21.01   21.91   23.01
 1899    24.88   26.15   26.89   25.79   24.59   23.62   21.83   22.26   22.15   22.33   22.99   23.62
 1900    25.90   27.62   28.17   26.69   25.22   23.95   22.26   20.99   20.59   20.83   21.77   22.72
 1901    24.39   26.04   26.13   25.06   23.34   21.96   20.98   20.24   20.09   21.01   22.48   23.50
 1902    25.27   26.72   27.59   26.14   25.30   24.42   23.48   21.93   22.04   23.01   23.46   23.47
 1903    24.91   25.35   26.03   24.91   23.94   23.15   21.09   20.00   19.42   20.18   21.38   22.09
 1904    24.97   25.71   25.77   24.76   24.52   22.90   22.36   22.12   21.32   22.03   22.72   23.20
 1905    24.97   26.07   27.22   25.54   26.29   24.70   22.97   22.27   21.38   21.76   23.27   22.98
 1906    24.77   26.45   26.37   25.04   24.34   22.88   20.67   19.45   19.25   19.87   21.21   22.37
 1907    24.36   26.34   26.28   25.03   23.38   22.49   20.56   19.35   20.48   20.08   21.17   22.07
 1908    24.37   26.13   26.66   24.42   23.44   23.12   20.89   20.29   19.46   20.57   20.80   21.94
 1909    24.82   25.32   26.51   24.87   23.44   21.59   20.54   19.41   19.11   19.91   20.74   21.98
 1910    23.37   25.39   25.74   24.86   23.35   21.87   20.85   20.01   19.76   20.01   20.93   21.68
 1911    24.00   25.82   25.87   24.34   23.45   22.62   21.82   21.89   22.05   22.17   23.29   24.27
 1912    25.82   27.12   27.26   26.27   24.57   22.88   20.99   20.62   20.69   20.72   21.31   22.40
 1913    24.95   26.53   26.21   24.01   23.60   22.82   21.69   21.50   21.30   22.21   22.90   24.22
 1914    25.42   26.49   27.24   25.14   24.21   23.07   22.58   21.72   21.87   22.36   22.87   24.07
 1915    25.51   26.79   27.20   26.60   25.85   24.94   22.19   20.81   20.39   20.70   21.32   22.13
 1916    24.10   24.93   25.61   24.56   23.09   21.60   19.92   18.90   18.71   19.20   19.91   21.86
 1917    23.75   25.17   25.81   25.60   24.42   22.95   22.59   21.30   20.54   20.76   21.42   21.83
 1918    23.82   25.72   26.54   26.35   25.80   25.01   23.78   22.64   22.34   22.85   23.54   24.34
 1919    25.85   26.88   27.00   26.22   25.33   23.87   22.16   20.92   21.07   21.26   21.48   23.08
 1920    25.61   26.97   26.95   25.79   24.63   22.64   20.30   20.29   19.98   19.97   21.68   22.85
 1921    24.28   25.73   26.20   24.80   23.83   22.37   21.20   19.88   19.41   20.69   21.49   22.36
 1922    23.91   26.68   26.42   25.41   24.09   21.99   20.70   19.74   19.40   20.22   20.48   21.81
 1923    24.65   26.25   26.16   26.16   24.33   23.77   22.59   20.78   20.75   20.91   21.85   22.97
 1924    24.09   25.72   25.49   24.75   22.87   21.96   20.84   19.96   19.58   20.38   21.05   22.01
 1925    24.02   26.96   27.49   26.56   24.81   24.23   22.78   21.97   21.57   22.03   22.80   24.21
 1926    26.15   27.00   27.45   26.47   24.76   23.08   22.34   20.55   20.33   20.94   21.52   22.78
 1927    24.78   26.39   26.56   25.28   24.09   22.60   21.23   20.69   20.40   20.61   21.83   22.57
 1928    24.28   26.08   26.78   25.46   24.12   22.32   20.97   20.40   19.86   20.27   21.00   21.96
 1929    23.95   26.00   26.67   26.24   24.71   23.47   21.78   20.85   20.97   20.92   21.65   22.56
 1930    23.89   26.01   26.66   26.33   24.73   23.56   22.60   21.89   21.79   22.81   23.34   24.33
 1931    25.91   27.01   27.32   26.27   24.29   22.80   22.05   20.65   20.35   21.12   21.54   22.67
 1932    25.33   27.24   27.55   26.21   25.85   24.39   22.69   21.41   20.55   21.28   21.48   22.61
 1933    24.05   26.47   26.82   25.54   23.73   22.67   20.83   20.31   20.06   20.43   21.56   22.35
 1934    24.36   25.58   26.79   25.89   24.54   23.64   21.22   21.38   20.88   20.53   21.12   21.84
 1935    23.67   24.51   26.26   26.17   24.51   22.63   21.04   20.77   20.99   20.93   21.99   23.10
 1936    24.27   26.52   26.63   25.89   24.61   22.67   21.72   20.58   20.89   21.54   21.84   22.37
 1937    24.78   26.32   26.10   25.72   23.55   22.29   21.59   20.52   20.41   20.48   20.81   22.08
 1938    23.63   25.37   26.11   24.18   24.36   21.59   19.50   19.72   20.13   20.91   21.41   21.69
 1939    24.44   26.07   26.38   25.47   24.89   23.40   21.86   21.18   20.13   21.24   21.79   22.89
 1940    25.23   26.65   26.98   25.99   24.67   23.52   21.96   21.36   20.85   21.42   21.97   23.05
 1941    25.02   27.26   28.15   27.07   25.69   23.28   21.98   21.77   21.49   21.91   23.23   24.38
 1942    25.46   26.40   26.24   24.89   24.10   22.02   20.56   19.43   19.54   20.00   20.88   22.38
 1943    24.95   26.25   26.30   25.87   24.88   23.42   22.46   21.38   20.46   21.47   21.41   22.70
 1944    24.04   26.22   26.95   25.90   24.44   23.48   21.97   21.25   20.95   20.87   21.37   22.07
 1945    23.93   26.62   26.34   25.64   25.00   23.18   22.06   21.46   21.72   22.12   22.79   23.25
 1946    24.24   25.13   25.79   25.31   24.29   22.04   21.42   20.24   20.77   20.80   21.33   22.62
 1947    24.70   25.75   26.63   25.52   23.91   22.22   20.95   20.42   20.59   20.99   22.00   22.82
 1948    24.46   26.74   27.30   25.76   24.63   22.58   21.13   20.73   20.18   20.84   21.84   22.13
 1949    24.07   26.45   27.52   26.09   24.52   23.34   20.94   20.15   19.73   19.50   20.55   22.24
 1950    23.52   25.05   26.05   24.44   23.85   22.08   20.74   20.77   19.77   20.18   20.25   22.09
 1951    24.86   25.76   26.51   25.96   25.21   24.49   24.04   22.53   21.93   22.33   23.16   23.51
 1952    24.92   26.30   27.06   25.15   24.41   22.77   20.90   20.60   20.17   20.83   21.22   22.66
 1953    24.50   26.71   27.53   26.79   25.75   23.88   22.66   22.02   21.51   21.31   22.17   22.90
 1954    23.62   25.85   26.46   23.49   22.54   21.62   20.27   19.94   19.18   19.52   20.82   21.59
 1955    24.43   25.14   26.13   25.20   23.26   21.96   21.17   20.10   19.53   19.33   20.32   21.71
 1956    23.68   25.63   26.86   25.43   23.89   22.57   21.97   20.57   20.02   20.38   21.00   21.97
 1957    23.41   26.48   28.07   27.04   26.62   25.24   23.98   22.40   22.32   22.49   23.18   24.11
 1958    25.45   27.31   27.59   27.13   25.53   24.05   22.64   20.86   20.73   21.34   22.02   22.84
 1959    24.60   26.39   27.66   26.38   24.88   23.22   21.61   20.46   20.69   21.00   21.96   22.79
 1960    24.37   25.92   26.55   24.84   24.13   22.30   21.26   20.66   20.51   20.33   20.99   22.51
 1961    24.85   26.96   26.69   25.36   24.20   22.73   20.98   20.43   19.83   20.61   21.54   22.63
 1962    24.38   25.88   25.33   24.00   23.92   22.36   21.08   20.60   20.26   20.18   21.03   21.77
 1963    24.41   25.82   26.71   25.12   24.56   23.02   22.08   21.46   21.20   21.38   21.88   22.88
 1964    24.09   25.30   25.73   24.80   22.41   21.76   20.72   19.83   20.20   19.82   21.14   22.04
 1965    24.29   26.39   27.34   27.35   26.62   24.97   23.57   22.46   21.61   21.86   22.73   23.93
 1966    25.49   26.29   25.67   24.58   23.70   22.23   21.49   20.57   20.10   20.63   21.31   22.17
 1967    23.90   25.92   26.07   25.39   23.77   22.55   21.14   19.78   19.36   19.54   20.48   21.46
 1968    23.56   25.35   25.55   24.34   23.02   21.99   21.61   21.16   21.35   21.15   21.88   23.30
 1969    24.64   26.11   27.52   26.88   26.37   24.70   22.46   21.03   20.95   22.05   22.66   23.74
 1970    25.17   25.88   25.85   24.95   23.58   21.92   20.02   19.62   19.65   20.42   20.89   21.98
 1971    23.63   24.88   25.76   25.43   23.51   22.13   21.32   19.94   19.85   20.26   21.09   22.27
 1972    24.57   26.73   27.51   26.80   25.78   25.23   24.50   23.79   22.49   22.79   23.57   24.93
 1973    26.05   26.38   26.36   24.84   23.42   22.08   20.77   19.62   19.40   20.08   20.96   21.97
 1974    23.90   25.52   26.57   25.68   24.80   23.22   22.00   21.00   20.10   19.89   21.14   21.89
 1975    23.84   25.58   26.95   25.94   23.99   22.40   21.53   20.27   19.50   19.83   20.29   21.53
 1976    23.84   25.97   26.90   26.25   25.27   24.55   23.86   22.73   21.77   21.83   22.33   23.27
 1977    25.01   26.18   26.35   24.98   24.00   23.07   21.88   20.39   20.04   20.87   21.59   22.46
 1978    24.64   25.97   25.96   25.29   23.92   22.13   21.45   20.28   20.24   20.63   21.92   23.25
 1979    24.95   25.74   26.48   26.17   24.73   23.74   22.29   21.41   21.56   21.74   22.00   22.67
 1980    24.62   26.07   26.75   25.66   24.71   23.19   21.41   20.47   20.43   20.55   21.21   21.89
 1981    23.43   25.49   26.54   25.35   24.24   22.92   21.29   20.37   20.30   20.54   21.34   22.85
 1982    24.60   25.97   26.01   25.15   24.54   23.26   22.44   22.00   22.55   23.35   24.96   26.22
 1983    27.45   28.35   29.07   29.02   28.56   27.55   25.78   24.03   22.61   22.08   22.45   23.24
 1984    24.43   25.55   26.32   25.41   23.35   22.07   21.30   20.40   20.18   20.45   21.71   22.51
 1985    23.95   25.20   26.14   24.28   23.05   21.74   20.80   19.90   19.71   20.25   20.96   22.27
 1986    24.13   25.97   25.89   24.80   23.64   22.08   21.71   21.09   20.41   21.20   22.16   23.55
 1987    25.49   27.34   27.88   27.17   25.81   24.05   23.04   21.82   21.85   22.57   22.79   23.91
 1988    24.81   26.05   26.21   24.76   23.37   21.03   20.30   19.32   19.11   19.80   21.24   22.05
 1989    24.44   26.37   26.28   25.17   23.30   22.26   21.40   20.46   20.07   20.77   21.50   22.59
 1990    24.39   26.05   26.32   25.33   24.23   22.94   20.97   20.31   20.26   20.33   21.33   22.58
 1991    24.63   26.23   26.73   24.98   24.45   23.23   22.45   20.92   20.70   21.49   22.52   23.47
 1992    25.08   26.76   27.64   27.38   26.29   23.70   21.79   20.67   20.04   20.80   21.64   22.70
 1993    24.75   26.53   27.26   26.49   25.59   23.86   22.16   21.12   20.66   21.39   21.66   22.73
 1994    24.65   25.99   25.60   24.44   23.55   22.40   21.03   20.02   20.49   21.71   22.47   23.70
 1995    25.63   26.56   26.16   24.67   23.45   22.46   21.59   20.39   20.26   20.65   21.62   22.33
 1996    24.11   26.00   26.66   24.39   23.64   21.92   20.87   20.46   20.01   20.26   21.09   21.99
 1997    24.16   26.29   27.55   26.64   26.62   26.16   25.47   24.89   24.59   25.06   26.00   27.28
 1998    28.27   29.20   29.61   28.66   27.47   24.99   23.15   21.85   20.85   21.18   21.67   22.88
 1999    24.49   26.37   27.02   24.88   24.03   22.44   21.20   20.40   19.57   20.30   20.78   21.95
 2000    23.83   25.85   26.17   26.12   24.16   22.33   21.27   20.33   20.21   20.57   21.19   22.47
 2001    23.96   25.99   27.08   26.08   23.82   22.12   21.14   20.15   19.34   19.93   20.94   21.90
 2002    23.78   26.02   27.35   25.99   24.64   22.58   21.40   20.66   20.58   21.64   22.67   23.71
 2003    24.82   26.11   26.24   24.76   23.11   22.07   21.27   21.00   20.11   20.99   22.17   23.33
 2004    24.69   26.12   26.39   25.21   23.50   22.30   21.14   20.47   20.45   21.18   22.27   23.29
 2005    24.75   25.71   25.58   25.30   24.68   22.84   21.78   20.62   19.93   20.01   20.48   21.82
 2006    24.03   26.65   26.46   24.77   24.07   22.79   22.03   21.43   21.32   22.27   22.80   23.64
 2007    25.29   26.38   26.08   24.61   22.99   21.59   20.90   19.56   19.20   19.41   19.93   21.39
 2008    23.92   26.16   27.06   26.16   24.14   23.25   22.31   21.59   20.86   20.89   21.68   22.68
 2009    24.55   26.01   25.88   25.66   24.63   23.53   22.55   21.58   20.76   21.29   22.03   23.51
 2010    25.08   26.36   26.69   26.17   24.85   23.13   20.79   19.69   19.25   19.53   20.50   21.99
 2011    24.11   26.39   26.30   25.61   24.71   23.35   22.12   20.72   19.54   20.35   21.08   22.33
 2012    24.32   26.72   26.71   26.14   24.89   23.98   22.67   21.19   20.58   20.67   21.42   22.41
 2013    24.02   26.00   26.35   24.34   23.02   21.54   20.48   20.16   19.77   20.90   21.38   22.77
 2014    25.09   25.65   26.22   25.41   25.20   24.16   22.89   21.59   20.69   21.41   22.46   23.16
 2015    24.56   25.70   26.72   26.30   26.05   25.18   24.16   23.00   23.02   23.44   24.10   25.11
 2016    26.54   27.41   27.83   25.95   24.91   23.51   21.78   21.10   20.79   21.03   21.80   23.04
 2017    25.05   27.24   28.29   26.15   24.71   23.19   21.38   20.16   19.26   19.74   20.44   21.48
 2018    23.47   25.89   25.43   24.85   24.00   22.52   21.77   20.37   20.66   21.36   22.57   23.81
 2019    25.38   26.98   26.55   26.02   24.70   22.87   21.48   20.63   19.86   20.36   21.91   22.83
 2020    24.60   26.29   26.29   25.69   24.22   22.56   20.75   20.49   19.69   20.07   21.02   22.26
 2021    24.14   25.58   26.23   24.70   23.73   23.06   21.71   20.75   20.26   20.47   20.90   21.73
 2022    23.82   25.18   26.14   24.62   23.42   22.17   21.30   20.69   19.77   19.69   20.97   22.35
 2023    24.37   26.18   27.73   28.16   26.15   25.38   24.29   23.47   22.58   22.86   23.83   24.39
 2024    25.86   27.40  -99.99  -99.99  -99.99  -99.99  -99.99  -99.99  -99.99  -99.99  -99.99  -99.99
  -99.99
  NINA12
 0N-10S 270E-280E 
 HadISST 
 https://psl.noaa.gov/gcos_wgsp/Timeseries/Nino12/